0.65
0.63
0.5
0.98
0.93
0.99
0.83
0.93
0.83
0.64
0.99
0.93
0.87
0.97
0.88
0.5
0.5
0.85
0.87
0.5
0.51
0.73
0.97
0.91
0.88
0.96
0.93
0.62
0.77
0.69
0.99
0.76
0.91
0.93
0.59
0.97
0.94
0.88
0.51
0.75
0.93
0.64
0.98
0.57
0.62
0.5
0.53
0.78
0.61
0.57
0.99
0.8
0.93
0.71
0.87
0.68
0.5
0.83
0.93
0.98
2
0.88
0.92
0.94
0.97
0.62
0.77
0.87
0.78
0.76
0.74
0.99
0.92
0.99
0.5
0.61
0.86
0.99
0.99
0.96
0.65
0.74
0.5
0.98
0.97
0.96
0.99
0.75
0.5
0.9
0.96
0.78
0.98
0.94
0.98
0.98
0.6
0.75
0.94
0.53
0.74
0.97
0.95
0.78
0.51
0.93
0.96
0.71
0.5
0.99
0.98
0.99
0.87
0.96
0.51
0.54
0.99
0.92
0.97
0.9
0.5
0.94
0.72
0.98
0.96
0.59
0.72
0.92
0.97
0.61
0.9
0.94
0.62
0.7
0.5
0.76
0.9
0.74
0.7
0.98
0.64
0.95
0.63
0.5
0.64
0.95
0.91
0.99
0.91
0.81
0.5
0.97
0.98
0.88
0.71
0.83
0.56
0.69
0.74
0.56
0.95
0.76
0.99
0.77
0.64
0.69
0.99
0.93
0.98
0.66
0.93
0.85
0.74
0.95
0.68
0.51
0.92
0.52
2
0.94
0.56
0.82
0.67
0.74
0.58
0.94
0.5
0.85
0.99
0.76
0.91
0.83
0.9
0.66
0.72
0.99
0.55
0.69
0.77
0.99
0.99
0.99
0.97
0.62
0.99
0.63
0.97
0.51
2
0.56
0.74
0.54
0.87
0.99
0.99
0.76
0.62
0.96
0.99
0.57
0.93
0.89
0.95
0.96
0.96
0.98
0.82
0.51
0.53
0.99
0.99
0.99
0.97
0.5
0.86
0.8
0.96
0.98
0.94
0.66
0.97
0.77
0.73
0.74
0.91
0.92
0.55
0.51
0.87
0.99
0.51
0.99
0.52
0.58
0.51
0.99
0.51
0.54
0.96
0.69
0.55
0.59
0.5
0.86
0.84
0.63
0.57
0.69
0.51
0.93
0.69
0.98
0.57
0.77
0.5
0.92
0.78
0.68
0.5
0.71
2
0.5
0.51
0.99
0.87
0.99
0.94
0.96
0.99
0.98
0.5
0.84
0.51
0.8
0.74
0.99
0.93
0.79
0.92
0.97
0.95
0.92
0.7
0.62
0.97
0.98
0.93
0.69
0.99
0.91
0.98
0.64
0.9
0.6
0.98
0.94
0.52
0.99
0.97
0.79
0.99
0.89
0.71
0.83
0.8
0.85
0.68
0.98
0.83
0.58
0.87
0.55
0.97
0.96
0.94
